0
0
25.587
0
0
25.587
0
0
25.586
0
0
25.585
0
0
25.584
0
0
25.582
0
0
25.58
0
0
25.578
0
0
25.575
0
0
25.572
0
0
25.568
0
0
25.564
0
0
25.56
0
0
25.555
0
0
25.549
0
0
25.543
0
0
25.537
0
0
25.53
0
0
25.522
0
0
25.514
0
0
25.505
0
0
25.496
0
0
25.485
0
0
25.474
0
0
25.461
0
0
25.448
0
0
25.434
0
0
25.418
0
0
25.401
0
0
25.383
0
0
25.363
0
0
25.342
0
0
25.318
0
0
25.293
0
0
25.265
0
0
25.235
0
0
25.202
0
0
25.166
0
0
25.127
0
0
25.084
0
0
25.036
0
0
24.984
0
0
24.926
0
0
24.862
0
0
24.791
0
0
24.712
0
0
24.624
0
0
24.525
0
0
24.415
0
0
24.29
0
0
24.149
0
0
23.988
0
0
23.805
0
0
23.594
0
0
23.35
0
0
23.066
0
0
22.733
0
0
22.339
0
0
21.867
0
0
21.294
0
0
20.587
0
0
19.697
0
0
18.543
0
0
16.977
0
0
14.689
0
0
10.804
0
0
7.5372
0
0
7.5371
0
0
7.5369
0
0
7.5366
0
0
7.5363
0
0
7.5357
0
0
7.5352
0
0
7.5346
0
0
7.5338
0
0
7.5329
0
0
7.5319
0
0
7.5308
0
0
7.5296
0
0
7.5282
0
0
7.5267
0
0
7.5251
0
0
7.5232
0
0
7.5214
0
0
7.5192
0
0
7.5169
0
0
7.5144
0
0
7.5116
0
0
7.5087
0
0
7.5054
0
0
7.5019
0
0
7.4981
0
0
7.494
0
0
7.4895
0
0
7.4847
0
0
7.4793
0
0
7.4736
0
0
7.4673
0
0
7.4604
0
0
7.4529
0
0
7.4447
0
0
7.4358
0
0
7.4259
0
0
7.4151
0
0
7.4031
0
0
7.39
0
0
7.3755
0
0
7.3594
0
0
7.3415
0
0
7.3216
0
0
7.2994
0
0
7.2745
0
0
7.2465
0
0
7.215
0
0
7.1794
0
0
7.1388
0
0
7.0927
0
0
7.0397
0
0
6.9786
0
0
6.9078
0
0
6.825
0
0
6.7277
0
0
6.6122
0
0
6.4736
0
0
6.3056
0
0
6.0988
0
0
5.8399
0
0
5.509
0
0
5.0743
0
0
4.4825
0
0
3.6374
0
0
2.3551
0
0
4.8358
0
0
4.8357
0
0
4.8356
0
0
4.8355
0
0
4.8353
0
0
4.835
0
0
4.8347
0
0
4.8343
0
0
4.8338
0
0
4.8333
0
0
4.8328
0
0
4.8321
0
0
4.8314
0
0
4.8306
0
0
4.8297
0
0
4.8288
0
0
4.8277
0
0
4.8266
0
0
4.8253
0
0
4.824
0
0
4.8225
0
0
4.8209
0
0
4.8191
0
0
4.8172
0
0
4.8151
0
0
4.8128
0
0
4.8103
0
0
4.8076
0
0
4.8046
0
0
4.8014
0
0
4.7979
0
0
4.794
0
0
4.7898
0
0
4.7851
0
0
4.78
0
0
4.7744
0
0
4.7682
0
0
4.7613
0
0
4.7537
0
0
4.7453
0
0
4.7359
0
0
4.7255
0
0
4.7138
0
0
4.7008
0
0
4.6861
0
0
4.6696
0
0
4.651
0
0
4.6298
0
0
4.6057
0
0
4.5782
0
0
4.5466
0
0
4.5101
0
0
4.4678
0
0
4.4184
0
0
4.3604
0
0
4.2916
0
0
4.2095
0
0
4.1104
0
0
3.9895
0
0
3.8401
0
0
3.6525
0
0
3.4132
0
0
3.102
0
0
2.6889
0
0
2.1298
0
0
1.3633
0
-0
2.9762
0
-0
2.9762
0
-0
2.9761
0
-0
2.9761
0
-0
2.976
0
-0
2.9758
0
-0
2.9757
0
-0
2.9755
0
-0
2.9753
0
-0
2.9751
0
-0
2.9748
0
-0
2.9745
0
-0
2.9742
0
-0
2.9738
0
-0
2.9734
0
-0
2.973
0
-0
2.9725
0
-0
2.9719
0
-0
2.9713
0
-0
2.9706
0
-0
2.9699
0
-0
2.9691
0
-0
2.9683
0
-0
2.9673
0
-0
2.9662
0
-0
2.9651
0
-0
2.9638
0
-0
2.9624
0
-0
2.9609
0
-0
2.9592
0
-0
2.9574
0
-0
2.9553
0
-0
2.953
0
-0
2.9505
0
-0
2.9477
0
-0
2.9446
0
-0
2.9411
0
-0
2.9373
0
-0
2.9329
0
-0
2.9281
0
-0
2.9227
0
-0
2.9166
0
-0
2.9097
0
-0
2.9019
0
-0
2.8931
0
-0
2.8831
0
-0
2.8717
0
-0
2.8586
0
-0
2.8436
0
-0
2.8263
0
-0
2.8063
0
-0
2.783
0
-0
2.7558
0
-0
2.7238
0
-0
2.686
0
-0
2.6408
0
-0
2.5866
0
-0
2.5209
0
-0
2.4405
0
-0
2.3409
0
-0
2.2162
0
-0
2.0583
0
-0
1.8561
0
-0
1.5953
0
-0
1.2581
0
-0
0.82831
0
0
0.95747
0
0
0.95749
0
0
0.95751
0
0
0.95754
0
0
0.95757
0
0
0.95763
0
0
0.95767
0
0
0.95774
0
0
0.95781
0
0
0.95789
0
0
0.95798
0
0
0.95808
0
0
0.95819
0
0
0.95831
0
0
0.95843
0
0
0.95856
0
0
0.95872
0
0
0.95885
0
0
0.95901
0
0
0.95917
0
0
0.95934
0
0
0.95951
0
0
0.95968
0
0
0.95986
0
0
0.96003
0
0
0.9602
0
0
0.96037
0
0
0.96054
0
0
0.96068
0
0
0.96082
0
0
0.96094
0
0
0.96103
0
0
0.96109
0
0
0.96112
0
0
0.96109
0
0
0.961
0
0
0.96084
0
0
0.9606
0
0
0.96026
0
0
0.95977
0
0
0.95914
0
0
0.95833
0
0
0.95731
0
0
0.95603
0
0
0.95443
0
0
0.95247
0
0
0.95007
0
0
0.94713
0
0
0.94356
0
0
0.93923
0
0
0.93395
0
0
0.92755
0
0
0.91978
0
0
0.91031
0
0
0.89874
0
0
0.88456
0
0
0.8671
0
0
0.84547
0
0
0.8185
0
0
0.78465
0
0
0.74188
0
0
0.68748
0
0
0.61818
0
0
0.53031
0
0
0.42107
0
0
0.32302
