          VERSOR NORMAL         ,   AREA [m2]     ,          CP      
  0.000    0.000    1.000     0.025     1.488963426920
  0.000    0.000    1.000     0.025     1.488944582872
  0.000    0.000    1.000     0.025     1.488905948453
  0.000    0.000    1.000     0.025     1.488847927532
  0.000    0.000    1.000     0.025     1.488770980254
  0.000    0.000    1.000     0.025     1.488660630393
  0.000    0.000    1.000     0.025     1.488553375621
  0.000    0.000    1.000     0.025     1.488411748652
  0.000    0.000    1.000     0.025     1.488249248573
  0.000    0.000    1.000     0.025     1.488064421287
  0.000    0.000    1.000     0.025     1.487856291682
  0.000    0.000    1.000     0.025     1.487623856941
  0.000    0.000    1.000     0.025     1.487366020355
  0.000    0.000    1.000     0.025     1.487081581325
  0.000    0.000    1.000     0.025     1.486769281345
  0.000    0.000    1.000     0.025     1.486428289458
  0.000    0.000    1.000     0.025     1.486042776573
  0.000    0.000    1.000     0.025     1.485647692736
  0.000    0.000    1.000     0.025     1.485204037465
  0.000    0.000    1.000     0.025     1.484723550948
  0.000    0.000    1.000     0.025     1.484202891556
  0.000    0.000    1.000     0.025     1.483639019001
  0.000    0.000    1.000     0.025     1.483028663846
  0.000    0.000    1.000     0.025     1.482368233320
  0.000    0.000    1.000     0.025     1.481653769251
  0.000    0.000    1.000     0.025     1.480880957122
  0.000    0.000    1.000     0.025     1.480045567304
  0.000    0.000    1.000     0.025     1.479128053839
  0.000    0.000    1.000     0.025     1.478158961324
  0.000    0.000    1.000     0.025     1.477094724472
  0.000    0.000    1.000     0.025     1.475941693038
  0.000    0.000    1.000     0.025     1.474690529679
  0.000    0.000    1.000     0.025     1.473331417314
  0.000    0.000    1.000     0.025     1.471853408693
  0.000    0.000    1.000     0.025     1.470244187866
  0.000    0.000    1.000     0.025     1.468489856458
  0.000    0.000    1.000     0.025     1.466574737629
  0.000    0.000    1.000     0.025     1.464481567345
  0.000    0.000    1.000     0.025     1.462175978540
  0.000    0.000    1.000     0.025     1.459670777768
  0.000    0.000    1.000     0.025     1.456902776673
  0.000    0.000    1.000     0.025     1.453854835282
  0.000    0.000    1.000     0.025     1.450490370241
  0.000    0.000    1.000     0.025     1.446767583250
  0.000    0.000    1.000     0.025     1.442637817121
  0.000    0.000    1.000     0.025     1.438044064806
  0.000    0.000    1.000     0.025     1.432919172144
  0.000    0.000    1.000     0.025     1.427183622667
  0.000    0.000    1.000     0.025     1.420743120100
  0.000    0.000    1.000     0.025     1.413470224431
  0.000    0.000    1.000     0.025     1.405261955557
  0.000    0.000    1.000     0.025     1.395914991372
  0.000    0.000    1.000     0.025     1.385235574751
  0.000    0.000    1.000     0.025     1.372965356571
  0.000    0.000    1.000     0.025     1.358779975472
  0.000    0.000    1.000     0.025     1.342265856835
  0.000    0.000    1.000     0.025     1.322887197438
  0.000    0.000    1.000     0.025     1.299936666164
  0.000    0.000    1.000     0.025     1.272458875559
  0.000    0.000    1.000     0.025     1.239126107315
  0.000    0.000    1.000     0.025     1.198010514615
  0.000    0.000    1.000     0.025     1.146234040554
  0.000    0.000    1.000     0.025     1.079037759126
  0.000    0.000    1.000     0.025     0.987905913944
  0.000    0.000    1.000     0.025     0.854763251847
  0.000    0.000    1.000     0.025     0.628709496143
  0.000    0.000    1.000     0.025     0.438604470145
  0.000    0.000    1.000     0.025     0.438599772657
  0.000    0.000    1.000     0.025     0.438589145613
  0.000    0.000    1.000     0.025     0.438573191812
  0.000    0.000    1.000     0.025     0.438552025899
  0.000    0.000    1.000     0.025     0.438520997970
  0.000    0.000    1.000     0.025     0.438492011663
  0.000    0.000    1.000     0.025     0.438452874350
  0.000    0.000    1.000     0.025     0.438407944232
  0.000    0.000    1.000     0.025     0.438356809753
  0.000    0.000    1.000     0.025     0.438299172956
  0.000    0.000    1.000     0.025     0.438234729873
  0.000    0.000    1.000     0.025     0.438163150313
  0.000    0.000    1.000     0.025     0.438084074605
  0.000    0.000    1.000     0.025     0.437997127198
  0.000    0.000    1.000     0.025     0.437902029534
  0.000    0.000    1.000     0.025     0.437793717388
  0.000    0.000    1.000     0.025     0.437683619003
  0.000    0.000    1.000     0.025     0.437559067757
  0.000    0.000    1.000     0.025     0.437423875758
  0.000    0.000    1.000     0.025     0.437277042367
  0.000    0.000    1.000     0.025     0.437117621813
  0.000    0.000    1.000     0.025     0.436944595457
  0.000    0.000    1.000     0.025     0.436756842034
  0.000    0.000    1.000     0.025     0.436553123397
  0.000    0.000    1.000     0.025     0.436332085430
  0.000    0.000    1.000     0.025     0.436092355976
  0.000    0.000    1.000     0.025     0.435827666969
  0.000    0.000    1.000     0.025     0.435548017460
  0.000    0.000    1.000     0.025     0.435239245980
  0.000    0.000    1.000     0.025     0.434903395324
  0.000    0.000    1.000     0.025     0.434537485467
  0.000    0.000    1.000     0.025     0.434138322226
  0.000    0.000    1.000     0.025     0.433702326741
  0.000    0.000    1.000     0.025     0.433225454192
  0.000    0.000    1.000     0.025     0.432703118036
  0.000    0.000    1.000     0.025     0.432130117104
  0.000    0.000    1.000     0.025     0.431500643881
  0.000    0.000    1.000     0.025     0.430803355108
  0.000    0.000    1.000     0.025     0.430042160958
  0.000    0.000    1.000     0.025     0.429196102741
  0.000    0.000    1.000     0.025     0.428259059908
  0.000    0.000    1.000     0.025     0.427218523805
  0.000    0.000    1.000     0.025     0.426060049740
  0.000    0.000    1.000     0.025     0.424766711293
  0.000    0.000    1.000     0.025     0.423318543151
  0.000    0.000    1.000     0.025     0.421691858823
  0.000    0.000    1.000     0.025     0.419858397833
  0.000    0.000    1.000     0.025     0.417784319278
  0.000    0.000    1.000     0.025     0.415424116904
  0.000    0.000    1.000     0.025     0.412738906091
  0.000    0.000    1.000     0.025     0.409655352162
  0.000    0.000    1.000     0.025     0.406100758836
  0.000    0.000    1.000     0.025     0.401978126804
  0.000    0.000    1.000     0.025     0.397164173383
  0.000    0.000    1.000     0.025     0.391499796596
  0.000    0.000    1.000     0.025     0.384776298902
  0.000    0.000    1.000     0.025     0.376714753081
  0.000    0.000    1.000     0.025     0.366934081919
  0.000    0.000    1.000     0.025     0.354899847256
  0.000    0.000    1.000     0.025     0.339834296109
  0.000    0.000    1.000     0.025     0.320580374327
  0.000    0.000    1.000     0.025     0.295283164661
  0.000    0.000    1.000     0.025     0.260844573193
  0.000    0.000    1.000     0.025     0.211665899624
  0.000    0.000    1.000     0.025     0.137045819776
  0.000    0.000    1.000     0.025     0.281403635015
  0.000    0.000    1.000     0.025     0.281401269782
  0.000    0.000    1.000     0.025     0.281395160659
  0.000    0.000    1.000     0.025     0.281385985126
  0.000    0.000    1.000     0.025     0.281373864607
  0.000    0.000    1.000     0.025     0.281356192885
  0.000    0.000    1.000     0.025     0.281339374392
  0.000    0.000    1.000     0.025     0.281316823368
  0.000    0.000    1.000     0.025     0.281290962713
  0.000    0.000    1.000     0.025     0.281261484263
  0.000    0.000    1.000     0.025     0.281228202034
  0.000    0.000    1.000     0.025     0.281190927156
  0.000    0.000    1.000     0.025     0.281149450209
  0.000    0.000    1.000     0.025     0.281103538986
  0.000    0.000    1.000     0.025     0.281052951611
  0.000    0.000    1.000     0.025     0.280997556986
  0.000    0.000    1.000     0.025     0.280934480363
  0.000    0.000    1.000     0.025     0.280869821550
  0.000    0.000    1.000     0.025     0.280796682479
  0.000    0.000    1.000     0.025     0.280717129598
  0.000    0.000    1.000     0.025     0.280630467189
  0.000    0.000    1.000     0.025     0.280536080830
  0.000    0.000    1.000     0.025     0.280433306652
  0.000    0.000    1.000     0.025     0.280321406878
  0.000    0.000    1.000     0.025     0.280199559737
  0.000    0.000    1.000     0.025     0.280066863482
  0.000    0.000    1.000     0.025     0.279922445979
  0.000    0.000    1.000     0.025     0.279762609563
  0.000    0.000    1.000     0.025     0.279592487526
  0.000    0.000    1.000     0.025     0.279404144754
  0.000    0.000    1.000     0.025     0.279198431000
  0.000    0.000    1.000     0.025     0.278973279960
  0.000    0.000    1.000     0.025     0.278726513719
  0.000    0.000    1.000     0.025     0.278455680986
  0.000    0.000    1.000     0.025     0.278157994968
  0.000    0.000    1.000     0.025     0.277830278214
  0.000    0.000    1.000     0.025     0.277468912395
  0.000    0.000    1.000     0.025     0.277069881591
  0.000    0.000    1.000     0.025     0.276625869334
  0.000    0.000    1.000     0.025     0.276137690286
  0.000    0.000    1.000     0.025     0.275592514125
  0.000    0.000    1.000     0.025     0.274985333424
  0.000    0.000    1.000     0.025     0.274307212170
  0.000    0.000    1.000     0.025     0.273547833823
  0.000    0.000    1.000     0.025     0.272695059548
  0.000    0.000    1.000     0.025     0.271734509397
  0.000    0.000    1.000     0.025     0.270649051316
  0.000    0.000    1.000     0.025     0.269418163065
  0.000    0.000    1.000     0.025     0.268017207698
  0.000    0.000    1.000     0.025     0.266413629456
  0.000    0.000    1.000     0.025     0.264576628297
  0.000    0.000    1.000     0.025     0.262454378290
  0.000    0.000    1.000     0.025     0.259992268742
  0.000    0.000    1.000     0.025     0.257118196236
  0.000    0.000    1.000     0.025     0.253740275266
  0.000    0.000    1.000     0.025     0.249739654483
  0.000    0.000    1.000     0.025     0.244960310815
  0.000    0.000    1.000     0.025     0.239194076747
  0.000    0.000    1.000     0.025     0.232158224194
  0.000    0.000    1.000     0.025     0.223461320490
  0.000    0.000    1.000     0.025     0.212547930660
  0.000    0.000    1.000     0.025     0.198624219432
  0.000    0.000    1.000     0.025     0.180511954344
  0.000    0.000    1.000     0.025     0.156473474878
  0.000    0.000    1.000     0.025     0.123939414720
  0.000    0.000    1.000     0.025     0.079336086269
  0.000   -0.000    1.000     0.025     0.173190692503
  0.000   -0.000    1.000     0.025     0.173190003663
  0.000   -0.000    1.000     0.025     0.173187201293
  0.000   -0.000    1.000     0.025     0.173182959345
  0.000   -0.000    1.000     0.025     0.173177309638
  0.000   -0.000    1.000     0.025     0.173170249202
  0.000   -0.000    1.000     0.025     0.173161558428
  0.000   -0.000    1.000     0.025     0.173151356858
  0.000   -0.000    1.000     0.025     0.173139546002
  0.000   -0.000    1.000     0.025     0.173125990517
  0.000   -0.000    1.000     0.025     0.173110614198
  0.000   -0.000    1.000     0.025     0.173093320167
  0.000   -0.000    1.000     0.025     0.173073990468
  0.000   -0.000    1.000     0.025     0.173052484641
  0.000   -0.000    1.000     0.025     0.173028637221
  0.000   -0.000    1.000     0.025     0.173002334649
  0.000   -0.000    1.000     0.025     0.172973414571
  0.000   -0.000    1.000     0.025     0.172941487452
  0.000   -0.000    1.000     0.025     0.172906479687
  0.000   -0.000    1.000     0.025     0.172868083467
  0.000   -0.000    1.000     0.025     0.172825930339
  0.000   -0.000    1.000     0.025     0.172779684269
  0.000   -0.000    1.000     0.025     0.172728958014
  0.000   -0.000    1.000     0.025     0.172673308101
  0.000   -0.000    1.000     0.025     0.172612228093
  0.000   -0.000    1.000     0.025     0.172545139944
  0.000   -0.000    1.000     0.025     0.172471463632
  0.000   -0.000    1.000     0.025     0.172390505790
  0.000   -0.000    1.000     0.025     0.172301283378
  0.000   -0.000    1.000     0.025     0.172203033019
  0.000   -0.000    1.000     0.025     0.172094669439
  0.000   -0.000    1.000     0.025     0.171974932962
  0.000   -0.000    1.000     0.025     0.171842465506
  0.000   -0.000    1.000     0.025     0.171695705500
  0.000   -0.000    1.000     0.025     0.171532856784
  0.000   -0.000    1.000     0.025     0.171351850733
  0.000   -0.000    1.000     0.025     0.171150300250
  0.000   -0.000    1.000     0.025     0.170925523722
  0.000   -0.000    1.000     0.025     0.170674376232
  0.000   -0.000    1.000     0.025     0.170393024165
  0.000   -0.000    1.000     0.025     0.170077337967
  0.000   -0.000    1.000     0.025     0.169722284892
  0.000   -0.000    1.000     0.025     0.169321936064
  0.000   -0.000    1.000     0.025     0.168869388552
  0.000   -0.000    1.000     0.025     0.168356466240
  0.000   -0.000    1.000     0.025     0.167773441533
  0.000   -0.000    1.000     0.025     0.167108681885
  0.000   -0.000    1.000     0.025     0.166348197288
  0.000   -0.000    1.000     0.025     0.165475133558
  0.000   -0.000    1.000     0.025     0.164468914021
  0.000   -0.000    1.000     0.025     0.163304097525
  0.000   -0.000    1.000     0.025     0.161949522204
  0.000   -0.000    1.000     0.025     0.160366044556
  0.000   -0.000    1.000     0.025     0.158504249853
  0.000   -0.000    1.000     0.025     0.156301184177
  0.000   -0.000    1.000     0.025     0.153675587906
  0.000   -0.000    1.000     0.025     0.150521273011
  0.000   -0.000    1.000     0.025     0.146697697812
  0.000   -0.000    1.000     0.025     0.142016511987
  0.000   -0.000    1.000     0.025     0.136222552291
  0.000   -0.000    1.000     0.025     0.128967526885
  0.000   -0.000    1.000     0.025     0.119775712381
  0.000   -0.000    1.000     0.025     0.108007745717
  0.000   -0.000    1.000     0.025     0.092833285279
  0.000   -0.000    1.000     0.025     0.073209735161
  0.000   -0.000    1.000     0.025     0.048200837582
  0.000    0.000    1.000     0.025     0.055717298293
  0.000    0.000    1.000     0.025     0.055718509312
  0.000    0.000    1.000     0.025     0.055719557614
  0.000    0.000    1.000     0.025     0.055721103798
  0.000    0.000    1.000     0.025     0.055723111554
  0.000    0.000    1.000     0.025     0.055726506449
  0.000    0.000    1.000     0.025     0.055728964428
  0.000    0.000    1.000     0.025     0.055732806877
  0.000    0.000    1.000     0.025     0.055737104946
  0.000    0.000    1.000     0.025     0.055741891274
  0.000    0.000    1.000     0.025     0.055747184088
  0.000    0.000    1.000     0.025     0.055752984029
  0.000    0.000    1.000     0.025     0.055759283352
  0.000    0.000    1.000     0.025     0.055766065501
  0.000    0.000    1.000     0.025     0.055773295056
  0.000    0.000    1.000     0.025     0.055780920201
  0.000    0.000    1.000     0.025     0.055789843825
  0.000    0.000    1.000     0.025     0.055797725584
  0.000    0.000    1.000     0.025     0.055806850039
  0.000    0.000    1.000     0.025     0.055816255464
  0.000    0.000    1.000     0.025     0.055825931427
  0.000    0.000    1.000     0.025     0.055835844439
  0.000    0.000    1.000     0.025     0.055845933332
  0.000    0.000    1.000     0.025     0.055856116711
  0.000    0.000    1.000     0.025     0.055866290529
  0.000    0.000    1.000     0.025     0.055876315736
  0.000    0.000    1.000     0.025     0.055886018213
  0.000    0.000    1.000     0.025     0.055896148260
  0.000    0.000    1.000     0.025     0.055904213728
  0.000    0.000    1.000     0.025     0.055912279120
  0.000    0.000    1.000     0.025     0.055919152847
  0.000    0.000    1.000     0.025     0.055924545497
  0.000    0.000    1.000     0.025     0.055928095592
  0.000    0.000    1.000     0.025     0.055929356351
  0.000    0.000    1.000     0.025     0.055927792830
  0.000    0.000    1.000     0.025     0.055922767274
  0.000    0.000    1.000     0.025     0.055913512259
  0.000    0.000    1.000     0.025     0.055899113389
  0.000    0.000    1.000     0.025     0.055879429617
  0.000    0.000    1.000     0.025     0.055850975866
  0.000    0.000    1.000     0.025     0.055814550554
  0.000    0.000    1.000     0.025     0.055767523093
  0.000    0.000    1.000     0.025     0.055707872012
  0.000    0.000    1.000     0.025     0.055633167866
  0.000    0.000    1.000     0.025     0.055540486082
  0.000    0.000    1.000     0.025     0.055426310631
  0.000    0.000    1.000     0.025     0.055286400716
  0.000    0.000    1.000     0.025     0.055115611867
  0.000    0.000    1.000     0.025     0.054907681810
  0.000    0.000    1.000     0.025     0.054655851058
  0.000    0.000    1.000     0.025     0.054348580953
  0.000    0.000    1.000     0.025     0.053976396430
  0.000    0.000    1.000     0.025     0.053523887541
  0.000    0.000    1.000     0.025     0.052972740369
  0.000    0.000    1.000     0.025     0.052299609093
  0.000    0.000    1.000     0.025     0.051474437892
  0.000    0.000    1.000     0.025     0.050458150271
  0.000    0.000    1.000     0.025     0.049199439247
  0.000    0.000    1.000     0.025     0.047630387118
  0.000    0.000    1.000     0.025     0.045660711861
  0.000    0.000    1.000     0.025     0.043171597441
  0.000    0.000    1.000     0.025     0.040005867257
  0.000    0.000    1.000     0.025     0.035973085357
  0.000    0.000    1.000     0.025     0.030860040802
  0.000    0.000    1.000     0.025     0.024502857140
  0.000    0.000    1.000     0.025     0.018797465629