             0.000000000000000
             0.000000000000000
             0.000000000000000
             0.000000000000000
             0.000000000000000
             0.000000000000000
             0.000000000000000
             0.000000000000000
             0.024294677330563
             0.037221908017740
             0.025598656844541
             0.000000000000000
             0.000000000000000
             0.000000000000000
             0.089209022189584
             0.065213826023199
             0.047758490000352
             0.000000000000000
             0.000000000000000
             0.000000000000000
             0.184039070143763
             0.085309167920601
             0.066484585882780
             0.000000000000000
             0.000000000000000
             0.000000000000000
             0.299746317561062
             0.098838865100788
             0.081783658560087
             0.000000000000000
             0.000000000000000
             0.000000000000000
             0.428953240732164
             0.107129074203174
             0.093674731225675
             0.000000000000000
             0.000000000000000
             0.000000000000000
             0.565934655517005
             0.111496307314236
             0.102197935696642
             0.000000000000000
             0.000000000000000
             0.000000000000000
             0.706599968149918
             0.113236497594760
             0.107431501041047
             0.000000000000000
             0.000000000000000
             0.000000000000000
             0.848451374433673
             0.113593091909611
             0.109583258190024
            -0.000000000000000
