0
0
0.00073262
0
0
0.0026121
0
0
0.0053071
0
0
0.0087922
0
0
0.013042
0
0
0.018031
0
0
0.023733
0
0
0.030114
0
0
0.037087
0
0
0.04464
0
0
0.05281
0
0
0.061576
0
0
0.070914
0
0
0.080803
0
0
0.091222
0
0
0.10213
0
0
0.11345
0
0
0.12518
0
0
0.13737
0
0
0.14998
0
0
0.163
0
0
0.17641
0
0
0.1902
0
0
0.2043
0
0
0.21868
0
0
0.23333
0
0
0.24829
0
0
0.26354
0
0
0.27906
0
0
0.29484
0
0
0.31086
0
0
0.32707
0
0
0.34343
0
0
0.35996
0
0
0.37668
0
0
0.39357
0
0
0.41064
0
0
0.42785
0
0
0.44521
0
0
0.46265
0
0
0.48015
0
0
0.49773
0
0
0.51542
0
0
0.5332
0
0
0.55107
0
0
0.56902
0
0
0.58703
0
0
0.60505
0
0
0.62306
0
0
0.6411
0
0
0.65919
0
0
0.67731
0
0
0.69547
0
0
0.71366
0
0
0.73187
0
0
0.75003
0
0
0.76815
0
0
0.78628
0
0
0.80442
0
0
0.82256
0
0
0.84072
0
0
0.85887
0
0
0.87703
0
0
0.89514
0
0
0.91321
0
0
0.93128
0
0
0.00047198
0
0
0.0018301
0
0
0.0040039
0
0
0.0069678
0
0
0.010696
0
0
0.015164
0
0
0.020345
0
0
0.026209
0
0
0.032701
0
0
0.039803
0
0
0.047522
0
0
0.055836
0
0
0.064723
0
0
0.074161
0
0
0.084128
0
0
0.094592
0
0
0.10551
0
0
0.11686
0
0
0.12866
0
0
0.14089
0
0
0.15353
0
0
0.16656
0
0
0.17997
0
0
0.19371
0
0
0.20775
0
0
0.22209
0
0
0.23674
0
0
0.25167
0
0
0.26688
0
0
0.28235
0
0
0.29806
0
0
0.31398
0
0
0.33008
0
0
0.34637
0
0
0.36285
0
0
0.3795
0
0
0.39632
0
0
0.4133
0
0
0.43041
0
0
0.44764
0
0
0.46495
0
0
0.48236
0
0
0.49987
0
0
0.51748
0
0
0.53518
0
0
0.55295
0
0
0.57079
0
0
0.58866
0
0
0.60656
0
0
0.6245
0
0
0.64248
0
0
0.6605
0
0
0.67855
0
0
0.69663
0
0
0.71473
0
0
0.73282
0
0
0.75089
0
0
0.76898
0
0
0.78707
0
0
0.80518
0
0
0.82329
0
0
0.8414
0
0
0.85951
0
0
0.8776
0
0
0.89567
0
0
0.91375
0
0
0.00021134
0
0
0.0010482
0
0
0.0027007
0
0
0.0051433
0
0
0.0083504
0
0
0.012297
0
0
0.016957
0
0
0.022304
0
0
0.028315
0
0
0.034966
0
0
0.042233
0
0
0.050096
0
0
0.058532
0
0
0.067519
0
0
0.077035
0
0
0.087058
0
0
0.097566
0
0
0.10854
0
0
0.11996
0
0
0.13181
0
0
0.14407
0
0
0.15672
0
0
0.16974
0
0
0.18311
0
0
0.19682
0
0
0.21085
0
0
0.22519
0
0
0.23981
0
0
0.25471
0
0
0.26987
0
0
0.28527
0
0
0.3009
0
0
0.31674
0
0
0.33278
0
0
0.34902
0
0
0.36543
0
0
0.38201
0
0
0.39874
0
0
0.41562
0
0
0.43262
0
0
0.44975
0
0
0.46699
0
0
0.48433
0
0
0.50176
0
0
0.51928
0
0
0.53688
0
0
0.55455
0
0
0.57228
0
0
0.59006
0
0
0.60789
0
0
0.62577
0
0
0.64368
0
0
0.66163
0
0
0.6796
0
0
0.6976
0
0
0.71561
0
0
0.73364
0
0
0.75168
0
0
0.76973
0
0
0.78779
0
0
0.80586
0
0
0.82393
0
0
0.842
0
0
0.86007
0
0
0.87814
0
0
0.89621
0
0
-4.9299e-05
0
0
0.00026628
0
0
0.0013975
0
0
0.0033188
0
0
0.0060047
0
0
0.0094296
0
0
0.013568
0
0
0.0184
0
0
0.02393
0
0
0.030129
0
0
0.036945
0
0
0.044357
0
0
0.052341
0
0
0.060877
0
0
0.069941
0
0
0.079523
0
0
0.089625
0
0
0.10022
0
0
0.11126
0
0
0.12272
0
0
0.1346
0
0
0.14687
0
0
0.15951
0
0
0.17252
0
0
0.1859
0
0
0.19962
0
0
0.21364
0
0
0.22795
0
0
0.24254
0
0
0.25738
0
0
0.27247
0
0
0.28781
0
0
0.30339
0
0
0.3192
0
0
0.33519
0
0
0.35136
0
0
0.3677
0
0
0.38419
0
0
0.40082
0
0
0.41761
0
0
0.43455
0
0
0.45162
0
0
0.46878
0
0
0.48604
0
0
0.50339
0
0
0.52082
0
0
0.53831
0
0
0.55589
0
0
0.57357
0
0
0.59129
0
0
0.60906
0
0
0.62686
0
0
0.6447
0
0
0.66257
0
0
0.68046
0
0
0.6984
0
0
0.71639
0
0
0.73438
0
0
0.75239
0
0
0.77041
0
0
0.78843
0
0
0.80645
0
0
0.82448
0
0
0.84254
0
0
0.86061
0
0
0.87868
0
0
-0.00030994
0
0
-0.00051564
0
0
9.4273e-05
0
0
0.0014943
0
0
0.0036589
0
0
0.0065626
0
0
0.01018
0
0
0.014495
0
0
0.019544
0
0
0.025292
0
0
0.031657
0
0
0.038617
0
0
0.04615
0
0
0.054235
0
0
0.062848
0
0
0.071988
0
0
0.081684
0
0
0.091895
0
0
0.10255
0
0
0.11364
0
0
0.12513
0
0
0.13702
0
0
0.14928
0
0
0.16192
0
0
0.17497
0
0
0.18838
0
0
0.20209
0
0
0.21609
0
0
0.23036
0
0
0.2449
0
0
0.25968
0
0
0.27472
0
0
0.29005
0
0
0.30561
0
0
0.32136
0
0
0.33729
0
0
0.35338
0
0
0.36963
0
0
0.38602
0
0
0.40259
0
0
0.41935
0
0
0.43624
0
0
0.45324
0
0
0.47032
0
0
0.4875
0
0
0.50475
0
0
0.52207
0
0
0.53951
0
0
0.55707
0
0
0.57469
0
0
0.59235
0
0
0.61005
0
0
0.62778
0
0
0.64554
0
0
0.66333
0
0
0.68119
0
0
0.69913
0
0
0.71708
0
0
0.73505
0
0
0.75302
0
0
0.771
0
0
0.78898
0
0
0.80697
0
0
0.825
0
0
0.84307
0
0
0.86115
